start clock
[[ 0.   0.   0.  ...,  0.   0.   0. ]
 [ 0.   0.   0.2 ...,  0.   0.   0. ]
 [ 0.   0.2  0.  ...,  0.   0.   0. ]
 ...,
 [ 0.   0.   0.  ...,  0.   0.   0.2]
 [ 0.   0.   0.  ...,  0.   0.   0. ]
 [ 0.   0.   0.  ...,  0.2  0.   0. ]]
[[ -2.22044605e-16   1.00000000e+00   9.69511132e-01 ...,   9.26038847e-01
    9.49485486e-01   9.32799706e-01]
 [  1.00000000e+00   0.00000000e+00   1.18061049e+00 ...,   9.23566707e-01
    9.84339114e-01   9.79674209e-01]
 [  9.69511132e-01   1.18061049e+00  -4.44089210e-16 ...,   9.43889678e-01
    9.71456251e-01   9.71636603e-01]
 ...,
 [  9.26038847e-01   9.23566707e-01   9.43889678e-01 ...,   0.00000000e+00
    9.84372329e-01   1.09655832e+00]
 [  9.49485486e-01   9.84339114e-01   9.71456251e-01 ...,   9.84372329e-01
   -4.44089210e-16   9.90649353e-01]
 [  9.32799706e-01   9.79674209e-01   9.71636603e-01 ...,   1.09655832e+00
    9.90649353e-01  -4.44089210e-16]]
[[0 0 0 ..., 0 0 0]
 [0 0 0 ..., 0 0 0]
 [0 0 0 ..., 0 0 0]
 ...,
 [0 0 0 ..., 0 0 0]
 [0 0 0 ..., 0 0 0]
 [0 0 0 ..., 0 0 0]]
[[ 0.1551798   0.15706877  0.14862197 ...,  0.16083573  0.15629124
   0.15749937]
 [ 0.36134782  0.36481221  0.34702084 ...,  0.37293502  0.36451129
   0.36626644]
 [ 0.29084906  0.29600218  0.28938309 ...,  0.30356601  0.29211168
   0.29299742]
 ...,
 [ 0.15711325  0.16020221  0.15718489 ...,  0.16471406  0.15875508
   0.15838648]
 [ 0.18432958  0.18690808  0.17607088 ...,  0.19146169  0.18594363
   0.18609982]
 [ 0.24215395  0.24598967  0.24017712 ...,  0.25260403  0.24447992
   0.24352539]]
0.501580268807
time :  222.512225
time :  42.3760230541
